72,35
0,780
0,779
81,6
81,5
81,4
81,3
81,1
81,0
80,5
0,778
80,4
80,3
80,1
80,0
0,777
0,776
79,6
0,775
79,5
79,4
79,3
79,1
79,0
0,774
78,5
78,4
78,3
78,1
78,0
13,78
0,773
77,5
77,4
77,3
77,1
77,0
0,772
0,771
76,7
13,25
0,770
0,769
0,768
0,335
76,6
0,511
76,5
76,4
76,3
76,1
76,0
0,510
0,509
75,5
75,4
75,3
75,1
75,0
74,6
74,5
74,4
74,3
74,1
74,0
73,5
73,4
73,3
73,1
73,0
0,508
66,8
66,7
66,6
66,1
0,735
0,734
0,733
0,732
0,731
0,730
0,729
0,728
0,727
0,726
0,725
0,724
0,723
0,722
0,721
0,720
0,719
0,718
0,717
0,716
0,715
0,714
0,713
0,712
0,711
0,710
0,709
0,708
0,707
0,706
0,705
0,704
0,703
0,702
0,701
0,700
0,699
0,698
0,697
0,696
0,695
0,694
0,693
0,692
0,691
0,690
0,689
0,688
0,687
0,686
0,685
0,684
0,683
0,682
0,681
0,680
0,679
0,678
0,677
0,676
0,675
0,674
0,673
0,672
0,671
0,670
0,669
0,668
0,667
0,666
0,665
0,664
0,663
0,662
0,661
0,660
0,659
0,658
0,657
0,656
0,655
0,654
0,653
0,652
0,651
0,650
0,649
0,648
0,647
0,646
0,645
0,644
0,643
0,642
0,641
0,640
0,639
0,638
0,637
0,636
0,635
0,634
0,633
0,632
0,631
0,630
0,629
0,628
0,627
0,626
0,625
0,624
0,623
0,622
0,621
0,620
0,619
0,618
0,617
0,616
0,615
0,614
0,613
0,612
0,611
0,610
0,609
0,608
0,607
0,606
0,605
0,604
0,603
0,602
0,601
0,600
0,599
0,598
0,597
0,311
0,310
0,0
0,307
0,306
0,13
0,339
0,11
0,9
72,34
72,33
72,32
72,31
72,30
72,29
72,28
